8.0
7.0
14.0
14.0
9.0
18.0
7.0
13.0
32.0
46.0
17.0
7.0
6.0
7.0
11.0
8.0
9.0
8.0
47.0
43.0
10.0
19.0
9.0
9.0
9.0
19.0
11.0
10.0
30.0
94.0
24.0
14.0
8.0
13.0
15.0
12.0
10.0
10.0
31.0
64.0
16.0
12.0
12.0
6.0
7.0
12.0
14.0
10.0
35.0
2122.0
9.0
12.0
11.0
11.0
10.0
12.0
9.0
13.0
25.0
61.0
17.0
7.0
7.0
8.0
13.0
10.0
12.0
12.0
26.0
91.0
22.0
17.0
8.0
10.0
9.0
5.0
12.0
8.0
28.0
66.0
14.0
14.0
11.0
5.0
10.0
10.0
10.0
15.0
40.0
105.0
14.0
7.0
7.0
9.0
10.0
9.0
13.0
9.0
25.0
105.0
20.0
14.0
12.0
12.0
9.0
9.0
9.0
9.0
41.0
153.0
15.0
9.0
9.0
14.0
10.0
11.0
9.0
11.0
60.0
288.0
25.0
8.0
16.0
6.0
12.0
5.0
5.0
13.0
75.0
81.0
16.0
12.0
11.0
12.0
15.0
11.0
12.0
11.0
48.0
79.0
13.0
6.0
10.0
11.0
16.0
9.0
12.0
15.0
35.0
62.0
8.0
8.0
8.0
13.0
10.0
8.0
11.0
13.0
59.0
64.0
13.0
14.0
12.0
11.0
4.0
8.0
14.0
13.0
24.0
54.0
11.0
9.0
8.0
9.0
5.0
13.0
8.0
10.0
37.0
50.0
17.0
20.0
14.0
15.0
7.0
14.0
18.0
8.0
24.0
118.0
25.0
13.0
9.0
13.0
8.0
13.0
8.0
11.0
21.0
81.0
18.0
13.0
11.0
10.0
12.0
6.0
8.0
8.0
36.0
137.0
21.0
11.0
12.0
11.0
9.0
19.0
7.0
12.0
25.0
64.0
23.0
10.0
6.0
9.0
11.0
8.0
14.0
12.0
19.0
4171.0
15.0
4.0
16.0
6.0
14.0
8.0
11.0
21.0
28.0
73.0
17.0
7.0
9.0
10.0
12.0
11.0
8.0
9.0
33.0
143.0
8.0
11.0
7.0
9.0
2.0
12.0
13.0
6.0
31.0
136.0
16.0
9.0
12.0
13.0
8.0
10.0
11.0
12.0
55.0
130.0
11.0
10.0
10.0
11.0
6.0
11.0
5.0
11.0
76.0
108.0
17.0
10.0
11.0
11.0
11.0
14.0
7.0
13.0
20.0
100.0
19.0
9.0
10.0
11.0
6.0
10.0
9.0
9.0
34.0
68.0
22.0
10.0
8.0
6.0
5.0
15.0
14.0
9.0
21.0
55.0
13.0
15.0
8.0
16.0
10.0
19.0
3.0
6.0
29.0
59.0
20.0
10.0
13.0
13.0
11.0
5.0
5.0
10.0
26.0
7567.0
10.0
15.0
4.0
11.0
7.0
12.0
13.0
6.0
19.0
66.0
14.0
15.0
8.0
9.0
13.0
10.0
13.0
10.0
18.0
142.0
34.0
10.0
5.0
9.0
13.0
9.0
6.0
14.0
18.0
90.0
14.0
13.0
8.0
10.0
10.0
7.0
14.0
12.0
26.0
145.0
28.0
9.0
7.0
4.0
13.0
9.0
12.0
10.0
14.0
134.0
14.0
13.0
9.0
12.0
9.0
10.0
13.0
10.0
32.0
169.0
21.0
12.0
7.0
14.0
9.0
10.0
6.0
15.0
27.0
101.0
14.0
7.0
14.0
12.0
10.0
8.0
11.0
9.0
29.0
138.0
16.0
8.0
14.0
12.0
10.0
10.0
11.0
12.0
29.0
111.0
13.0
11.0
7.0
13.0
13.0
10.0
10.0
11.0
66.0
120.0
17.0
12.0
14.0
8.0
17.0
13.0
11.0
11.0
46.0
74.0
23.0
11.0
14.0
16.0
10.0
9.0
15.0
5.0
31.0
85.0
16.0
5.0
17.0
4.0
14.0
11.0
11.0
12.0
30.0
93.0
22.0
13.0
8.0
13.0
6.0
6.0
10.0
6.0
18.0
81.0
19.0
5.0
11.0
5.0
9.0
5.0
8.0
4.0
33.0
52.0
29.0
6.0
13.0
7.0
14.0
7.0
13.0
11.0
16.0
57.0
35.0
7.0
9.0
11.0
7.0
12.0
11.0
10.0
17.0
77.0
20.0
8.0
18.0
9.0
12.0
6.0
17.0
9.0
39.0
10061.0
27.0
10.0
14.0
8.0
9.0
8.0
12.0
9.0
25.0
118.0
25.0
11.0
14.0
14.0
13.0
8.0
13.0
7.0
19.0
279.0
19.0
12.0
11.0
10.0
14.0
8.0
8.0
10.0
17.0
191.0
16.0
11.0
8.0
8.0
12.0
10.0
11.0
11.0
42.0
175.0
20.0
7.0
10.0
7.0
10.0
8.0
15.0
15.0
35.0
90.0
18.0
11.0
7.0
7.0
7.0
3.0
15.0
15.0
29.0
103.0
22.0
7.0
10.0
19.0
11.0
9.0
12.0
11.0
17.0
66.0
17.0
9.0
8.0
16.0
16.0
16.0
13.0
11.0
42.0
81.0
17.0
14.0
7.0
10.0
8.0
11.0
8.0
10.0
31.0
96.0
23.0
10.0
4.0
8.0
9.0
9.0
12.0
6.0
14.0
80.0
28.0
7.0
9.0
13.0
10.0
6.0
13.0
6.0
29.0
201.0
23.0
11.0
7.0
7.0
8.0
7.0
17.0
4.0
12.0
96.0
32.0
7.0
14.0
12.0
14.0
8.0
9.0
11.0
27.0
62.0
25.0
11.0
9.0
5.0
9.0
9.0
9.0
12.0
15.0
81.0
51.0
3.0
9.0
13.0
8.0
8.0
14.0
8.0
17.0
79.0
32.0
12.0
7.0
8.0
5.0
5.0
15.0
20.0
19.0
147.0
59.0
12.0
14.0
7.0
8.0
8.0
12.0
16.0
20.0
147.0
27.0
8.0
11.0
10.0
9.0
15.0
7.0
11.0
26.0
352.0
19.0
8.0
8.0
14.0
8.0
10.0
4.0
13.0
28.0
119.0
18.0
10.0
10.0
10.0
15.0
13.0
12.0
5.0
35.0
125.0
20.0
11.0
10.0
8.0
13.0
12.0
7.0
12.0
30.0
84.0
17.0
11.0
10.0
11.0
10.0
13.0
6.0
10.0
32.0
71.0
25.0
8.0
8.0
12.0
9.0
11.0
9.0
10.0
10.0
49.0
30.0
11.0
10.0
10.0
6.0
11.0
17.0
7.0
12.0
66.0
19.0
7.0
7.0
11.0
8.0
9.0
6.0
6.0
14.0
177.0
21.0
9.0
10.0
12.0
4.0
9.0
12.0
12.0
17.0
91.0
28.0
14.0
16.0
8.0
8.0
4.0
14.0
10.0
16.0
84.0
39.0
9.0
10.0
11.0
11.0
9.0
6.0
12.0
14.0
96.0
57.0
13.0
14.0
6.0
14.0
13.0
12.0
10.0
28.0
307.0
35.0
5.0
7.0
7.0
9.0
8.0
4.0
11.0
18.0
125.0
35.0
7.0
6.0
10.0
15.0
7.0
9.0
13.0
15.0
121.0
31.0
12.0
15.0
13.0
15.0
11.0
11.0
13.0
15.0
158.0
41.0
6.0
9.0
11.0
9.0
8.0
9.0
10.0
12.0
149.0
26.0
7.0
7.0
8.0
6.0
9.0
13.0
5.0
32.0
191.0
21.0
10.0
13.0
10.0
5.0
9.0
12.0
9.0
20.0
99.0
21.0
5.0
6.0
15.0
17.0
9.0
10.0
7.0
19.0
126.0
22.0
13.0
13.0
10.0
12.0
11.0
7.0
7.0
18.0
85.0
19.0
6.0
14.0
14.0
9.0
11.0
10.0
12.0
23.0
69.0
30.0
14.0
9.0
10.0
11.0
7.0
10.0
15.0
11.0
433.0
33.0
9.0
10.0
7.0
15.0
9.0
6.0
16.0
14.0
71.0
24.0
15.0
8.0
10.0
14.0
6.0
10.0
10.0
19.0
184.0
35.0
12.0
2.0
16.0
11.0
13.0
7.0
13.0
13.0
94.0
38.0
8.0
12.0
9.0
11.0
13.0
16.0
5.0
10.0
269.0
62.0
4.0
11.0
11.0
11.0
17.0
10.0
9.0
18.0
115.0
64.0
9.0
6.0
15.0
15.0
9.0
9.0
8.0
15.0
108.0
39.0
10.0
17.0
10.0
12.0
7.0
6.0
14.0
14.0
160.0
27.0
8.0
6.0
10.0
8.0
13.0
6.0
8.0
12.0
102.0
17.0
12.0
7.0
11.0
8.0
11.0
12.0
7.0
9.0
138.0
20.0
12.0
12.0
11.0
11.0
14.0
9.0
7.0
19.0
102.0
